#File: APBJC2024.cxc
#Project: chimera_script
#File Created: 13th Oct 2024
#Author: Rachel Seongeun Kim (seamustard52@gmail.com)
#-----
#Copyright: Rachel Seongeun Kim

open /Users/steineggerlab/Desktop/lab/util/chimerax/python_script/visualize_foldseek_cluster.py

### C80
#show_cluster /Users/steineggerlab/Desktop/bu/bu_clust_c80_7xc7.tsv /Users/steineggerlab/Desktop/bu/bu_clust_c80_7xc7_report pdb_path /Users/steineggerlab/Desktop/bu
#color #2/A #BD632F
#color #2/D #2F66BC
#transparency #1,3-end 70 cartoon

### C80_tm80
#show_cluster /Users/steineggerlab/Desktop/bu/bu_clust_c80_tm80_7xc7.tsv /Users/steineggerlab/Desktop/bu/bu_clust_c80_tm80_7xc7_report pdb_path /Users/steineggerlab/Desktop/bu
#color #7/A #BD632F
#color #7/D #2F66BC
#color #10/A #BD632F
#color #10/B #2F66BC
#transparency #1-6,8,9,11-end 70 cartoon
#mm #10 to #7

### C80_tm80_ctm80
#show_cluster /Users/steineggerlab/Desktop/bu/bu_clust_c80_tm80_ctm80_7xc7.tsv /Users/steineggerlab/Desktop/bu/bu_clust_c80_tm80_ctm80_7xc7_report pdb_path /Users/steineggerlab/Desktop/bu
#color #2/A #BD632F
#color #2/D #2F66BC
#color #11/A #BD632F
#color #11/B #2F66BC
#transparency #1,3-10,12-end 70 cartoon
#
#rotate_translate #11 0.773118,-0.632374,-0.048905,0.166309,0.276523,-0.946508,0.612070,0.723629,0.318954,128.797333,225.748169,-133.286606
#rotate_translate #12 0.773118,-0.632374,-0.048905,0.166309,0.276523,-0.946508,0.612070,0.723629,0.318954,128.797333,225.748169,-133.286606
#color clu_8eex_1 black

### C80_tm80_ctm80_ilddt80
show_cluster /Users/steineggerlab/Desktop/bu/bu_clust_c80_tm80_ctm80_ilddt80_7xc7.tsv /Users/steineggerlab/Desktop/bu/bu_clust_c80_tm80_ctm80_ilddt80_7xc7_report pdb_path /Users/steineggerlab/Desktop/bu
color #2/A #BD632F
color #2/D #2F66BC
color #11/A #BD632F
color #11/B #2F66BC
color #12/A #BD632F
color #12/D #2F66BC
transparency #1,3-10 70 cartoon
rotate_translate clu_8eex_1 0.773118,-0.632374,-0.048905,0.166309,0.276523,-0.946508,0.612070,0.723629,0.318954,128.797333,225.748169,-133.286606
rotate_translate clu_8gu6_1 0.999964,0.007286,-0.004456,-0.007426,0.999459,-0.032040,0.004220,0.032072,0.999477,0.360916,6.043945,-7.531686

hide nucleic
hide nucleic cartoon

