3dw8_2.pdb	3dw8_2.pdb	D,E,F	D,E,F	1.00000	1.00000	1.000000,-0.000000,0.000000,0.000000,1.000000,-0.000000,-0.000000,0.000000,1.000000	0.000000,0.000002,-0.000001	0
2iae_2.pdb	2iae_2.pdb	D,E,F	D,E,F	1.00000	1.00000	1.000000,0.000004,-0.000001,-0.000004,1.000000,0.000002,0.000001,-0.000002,1.000000	-0.000641,0.000549,0.000193	0
2ie3_1.pdb	2ie3_1.pdb	A,C	A,C	1.00000	1.00000	1.000000,-0.000000,0.000000,0.000000,1.000000,-0.000000,0.000000,0.000000,1.000000	0.000000,0.000000,0.000000	0
2ie4_1.pdb	2ie4_1.pdb	A,C	A,C	1.00000	1.00000	1.000000,-0.000000,0.000000,0.000000,1.000000,-0.000000,0.000000,0.000000,1.000000	0.000000,0.000000,0.000000	0
2npp_1.pdb	2npp_1.pdb	D,E,F	D,E,F	1.00000	1.00000	1.000000,-0.000000,0.000000,0.000000,1.000000,-0.000000,-0.000000,0.000000,1.000000	0.000003,0.000000,-0.000000	0
1okk_1.pdb	1okk_1.pdb	A,D	A,D	1.00000	1.00000	1.000000,-0.000001,-0.000000,0.000001,1.000000,-0.000002,0.000000,0.000002,1.000000	0.000061,0.000168,-0.000184	0
2npp_2.pdb	2npp_2.pdb	A,B,C	A,B,C	1.00000	1.00000	1.000000,0.000000,0.000000,-0.000000,1.000000,0.000001,-0.000000,-0.000001,1.000000	0.000000,0.000015,0.000060	0
2nyl_1.pdb	2nyl_1.pdb	A,B,C	A,B,C	1.00000	1.00000	1.000000,0.000000,-0.000000,-0.000000,1.000000,0.000000,0.000000,0.000000,1.000000	0.000000,0.000000,0.000000	0
2nyl_2.pdb	2nyl_2.pdb	D,E,F	D,E,F	1.00000	1.00000	1.000000,0.000000,0.000000,-0.000000,1.000000,0.000000,-0.000000,-0.000000,1.000000	-0.000002,0.000004,0.000006	0
2nym_1.pdb	2nym_1.pdb	A,B,C	A,B,C	1.00000	1.00000	1.000000,-0.000000,-0.000000,0.000000,1.000000,-0.000000,0.000000,0.000000,1.000000	0.000025,0.000008,-0.000001	0
2nym_2.pdb	2nym_2.pdb	D,E,F	D,E,F	1.00000	1.00000	1.000000,0.000000,0.000000,0.000000,1.000000,0.000000,0.000000,0.000000,1.000000	0.000000,0.000000,0.000000	0
3c5w_1.pdb	3c5w_1.pdb	A,C,P	A,C,P	1.00000	1.00000	1.000000,0.000000,-0.000000,-0.000000,1.000000,0.000000,0.000000,-0.000000,1.000000	0.000000,-0.000000,-0.000000	0
3dw8_1.pdb	3dw8_1.pdb	A,B,C	A,B,C	1.00000	1.00000	1.000000,0.000000,0.000000,0.000000,1.000000,0.000000,0.000000,0.000000,1.000000	0.000000,0.000000,0.000000	0
3fga_1.pdb	3fga_1.pdb	A,B,C,D	A,B,C,D	1.00000	1.00000	1.000000,0.000000,0.000000,0.000000,1.000000,0.000000,0.000000,0.000000,1.000000	0.000000,0.000000,0.000000	0
3k7v_1.pdb	3k7v_1.pdb	A,C	A,C	1.00000	1.00000	1.000000,-0.000000,0.000000,0.000000,1.000000,-0.000000,-0.000000,0.000000,1.000000	-0.000008,-0.000017,0.000006	0
3k7w_1.pdb	3k7w_1.pdb	A,C	A,C	1.00000	1.00000	1.000000,0.000000,-0.000000,-0.000000,1.000000,0.000000,0.000000,-0.000000,1.000000	0.000000,0.000000,-0.000001	0
4i5l_1.pdb	4i5l_1.pdb	A,B,C	A,B,C	1.00000	1.00000	1.000000,0.000000,0.000000,0.000000,1.000000,0.000000,0.000000,0.000000,1.000000	0.000000,0.000000,0.000000	0
4i5l_2.pdb	4i5l_2.pdb	D,E,F	D,E,F	1.00000	1.00000	1.000000,0.000000,0.000000,0.000000,1.000000,0.000000,0.000000,0.000000,1.000000	0.000000,0.000000,0.000000	0
4i5n_1.pdb	4i5n_1.pdb	A,B,C	A,B,C	1.00000	1.00000	1.000000,0.000000,0.000000,0.000000,1.000000,0.000000,0.000000,0.000000,1.000000	0.000000,0.000000,0.000000	0
4i5n_2.pdb	4i5n_2.pdb	D,E,F	D,E,F	1.00000	1.00000	1.000000,0.000000,0.000000,0.000000,1.000000,0.000000,0.000000,0.000000,1.000000	0.000000,0.000000,0.000000	0
2iae_1.pdb	2iae_1.pdb	A,B,C	A,B,C	1.00000	1.00000	1.000000,-0.000003,-0.000000,0.000003,1.000000,-0.000000,0.000000,0.000000,1.000000	0.000717,-0.000366,-0.000045	0
4in3_1.pdb	4in3_1.pdb	A,B,C,D	A,B,C,D	1.00000	1.00000	1.000000,-0.000000,-0.000000,0.000000,1.000000,0.000000,0.000000,-0.000000,1.000000	0.000000,0.000001,0.000000	0
4lac_1.pdb	4lac_1.pdb	B,A,C	B,A,C	1.00000	1.00000	1.000000,0.000000,0.000000,0.000000,1.000000,0.000000,0.000000,0.000000,1.000000	0.000000,0.000000,0.000000	0
5mpd_1.pdb	5mpd_1.pdb	W,V,T,X,Y,Z,N,S,P,Q,R,U,O	W,V,T,X,Y,Z,N,S,P,Q,R,U,O	1.00000	1.00000	1.000000,-0.000001,0.000000,0.000001,1.000000,-0.000002,-0.000000,0.000002,1.000000	0.000275,0.000336,-0.000521	0
5w0w_1.pdb	5w0w_1.pdb	A,B,C	A,B,C	1.00000	1.00000	1.000000,0.000000,-0.000000,0.000000,1.000000,0.000000,0.000000,-0.000000,1.000000	0.000000,0.000000,0.000000	0
5w0w_2.pdb	5w0w_2.pdb	D,E,F	D,E,F	1.00000	1.00000	1.000000,0.000000,0.000000,0.000000,1.000000,0.000000,0.000000,0.000000,1.000000	0.000000,0.000000,0.000000	0
5w0w_3.pdb	5w0w_3.pdb	G,H,I	G,H,I	1.00000	1.00000	1.000000,0.000000,-0.000000,-0.000000,1.000000,-0.000000,0.000000,0.000000,1.000000	-0.000011,-0.000023,0.000001	0
5w0w_4.pdb	5w0w_4.pdb	J,K,L	J,K,L	1.00000	1.00000	1.000000,0.000000,-0.000000,0.000000,1.000000,0.000000,0.000000,-0.000000,1.000000	0.000000,0.000000,0.000000	0
5z5j_1.pdb	5z5j_1.pdb	A,C	A,C	1.00000	1.00000	1.000000,0.000000,-0.000000,-0.000000,1.000000,0.000000,0.000000,0.000000,1.000000	0.000000,0.000000,0.000000	0
6iur_2.pdb	6iur_2.pdb	E,F,G,H	E,F,G,H	1.00000	1.00000	1.000000,-0.000000,-0.000000,0.000000,1.000000,-0.000000,0.000000,0.000000,1.000000	0.000000,0.000023,0.000006	0
6nts_1.pdb	6nts_1.pdb	A,B,C	A,B,C	1.00000	1.00000	1.000000,0.000000,0.000000,-0.000000,1.000000,-0.000003,-0.000000,0.000003,1.000000	-0.000015,0.000534,-0.000527	0
6sb0_1.pdb	6sb0_1.pdb	A,B,E,C,D,Y,T,H,I,J,N,O	A,B,E,C,D,Y,T,H,I,J,N,O	1.00000	1.00000	1.000000,0.000001,-0.000000,-0.000001,1.000000,-0.000000,0.000000,0.000000,1.000000	-0.000137,0.000137,-0.000000	0
7cun_1.pdb	7cun_1.pdb	A,B,D,E,F,G,H,I,K,P,Q	A,B,D,E,F,G,H,I,K,P,Q	1.00000	1.00000	1.000000,0.000000,0.000000,-0.000000,1.000000,0.000002,-0.000000,-0.000002,1.000000	-0.000031,-0.000397,0.000412	0
7k36_1.pdb	7k36_1.pdb	A,B,C,D,E,F,G,H,I	A,B,C,D,E,F,G,H,I	1.00000	1.00000	1.000000,0.000001,0.000000,-0.000001,1.000000,-0.000001,-0.000000,0.000001,1.000000	-0.000092,0.000168,-0.000070	0
7soy_1.pdb	7soy_1.pdb	A,B,C,P	A,B,C,P	1.00000	1.00000	1.000000,0.000000,0.000000,0.000000,1.000000,0.000000,0.000000,0.000000,1.000000	0.000000,0.000000,0.000000	0
2iae_2.pdb	2iae_1.pdb	D,E,F	A,B,C	0.98588	0.97574	0.482073,0.799103,0.359222,0.342320,-0.549212,0.762354,0.806488,-0.244541,-0.538309	-101.899277,174.553528,118.838303	1
2ie3_1.pdb	3k7v_1.pdb	A,C	A,C	0.99953	0.99953	1.000000,0.000882,0.000292,-0.000882,0.999999,0.000909,-0.000291,-0.000909,1.000000	0.194298,0.015001,0.018316	1
2ie4_1.pdb	3k7v_1.pdb	A,C	A,C	0.99961	0.99961	0.999995,-0.000776,-0.003032,0.000779,0.999999,0.000788,0.003031,-0.000791,0.999995	-0.013512,-0.022547,-0.090291	1
2npp_1.pdb	2npp_2.pdb	D,E,F	A,B,C	0.99957	0.99957	-0.748044,0.018004,-0.663405,-0.006868,-0.999788,-0.019389,-0.663614,-0.009948,0.748009	-46.979828,155.327011,-14.598909	1
2npp_2.pdb	2npp_1.pdb	A,B,C	D,E,F	0.99957	0.99957	-0.748044,-0.006867,-0.663614,0.018003,-0.999788,-0.009948,-0.663405,-0.019388,0.748009	-43.764305,155.994720,-17.234947	1
2nyl_1.pdb	2nyl_2.pdb	A,B,C	D,E,F	0.99968	0.99968	-0.745037,-0.045224,-0.665488,0.041717,-0.998905,0.021179,-0.665717,-0.011983,0.746108	-43.537571,157.872131,-16.642239	1
1okk_1.pdb	3c5w_1.pdb	D	A	0.05952	0.04049	0.155517,0.986108,0.058351,-0.828644,0.098073,0.551117,0.537739,-0.134060,0.832385	71.468765,25.031630,101.341675	1
2nyl_2.pdb	2nyl_1.pdb	D,E,F	A,B,C	0.99968	0.99968	-0.745037,0.041716,-0.665717,-0.045224,-0.998905,-0.011983,-0.665488,0.021178,0.746108	-50.101974,155.530899,-19.900324	1
2nym_1.pdb	2nym_2.pdb	A,B,C	D,E,F	0.99982	0.99982	-0.755233,-0.044441,-0.653948,0.040827,-0.998951,0.020736,-0.654183,-0.011038,0.756256	-42.659344,156.785767,-16.069654	1
2nym_2.pdb	2nym_1.pdb	D,E,F	A,B,C	0.99982	0.99982	-0.755233,0.040828,-0.654183,-0.044442,-0.998951,-0.011038,-0.653948,0.020736,0.756256	-49.131462,154.548080,-18.995392	1
3c5w_1.pdb	7soy_1.pdb	C,P	C,P	0.69317	0.36993	0.082601,-0.952568,-0.292902,0.944129,0.168892,-0.283011,0.319056,-0.253161,0.913298	140.699280,-116.579842,-80.626984	1
3dw8_1.pdb	3dw8_2.pdb	A,B,C	D,E,F	0.98269	0.98269	-0.012604,-0.037688,-0.999210,0.066839,0.997023,-0.038449,0.997684,-0.067270,-0.010048	62.568611,-26.851156,63.920776	1
3dw8_2.pdb	3dw8_1.pdb	D,E,F	A,B,C	0.98269	0.98269	-0.012604,0.066839,0.997684,-0.037688,0.997023,-0.067270,-0.999210,-0.038449,-0.010048	-61.189426,33.429291,62.129036	1
3fga_1.pdb	2npp_2.pdb	A,B,C	A,B,C	0.92834	0.97047	0.998886,0.028846,-0.037335,-0.040928,0.923445,-0.381541,0.023471,0.382644,0.923598	-4.642651,-147.163071,-45.258698	1
3k7v_1.pdb	2ie4_1.pdb	A,C	A,C	0.99961	0.99961	0.999995,0.000779,0.003031,-0.000776,0.999999,-0.000791,-0.003032,0.000788,0.999995	0.013805,0.022465,0.090267	1
3k7w_1.pdb	3k7v_1.pdb	A,C	A,C	0.99932	0.99932	0.999997,-0.001296,0.001991,0.001288,0.999991,0.004130,-0.001996,-0.004127,0.999990	0.323486,-0.277266,0.010833	1
4i5l_1.pdb	4i5n_1.pdb	A,B,C	A,B,C	0.99580	0.99823	0.999954,0.009043,-0.003307,-0.009042,0.999959,0.000285,0.003310,-0.000255,0.999995	-0.820389,0.315113,-1.108783	1
2iae_1.pdb	2npp_2.pdb	A,B,C	A,B,C	0.97588	0.96519	-0.649026,0.499843,-0.573518,0.736405,0.223524,-0.638549,-0.190979,-0.836776,-0.513160	39.801613,197.009949,183.635147	1
4i5l_2.pdb	4i5n_2.pdb	D,E,F	D,E,F	0.99661	0.99742	0.999985,-0.004961,-0.002358,0.004964,0.999987,0.000928,0.002353,-0.000940,0.999997	0.159889,-0.239780,-0.160875	1
4i5n_1.pdb	4i5l_1.pdb	A,B,C	A,B,C	0.99823	0.99580	0.999954,-0.009042,0.003310,0.009043,0.999959,-0.000255,-0.003307,0.000285,0.999995	0.826881,-0.307957,1.105969	1
4i5n_2.pdb	4i5l_2.pdb	D,E,F	D,E,F	0.99742	0.99661	0.999985,0.004964,0.002353,-0.004962,0.999987,-0.000940,-0.002358,0.000928,0.999997	-0.158348,0.240463,0.161476	1
4in3_1.pdb	6iur_2.pdb	B	E	0.08854	0.09707	-0.322409,0.821835,0.469724,-0.946551,-0.284977,-0.151094,0.009686,-0.493331,0.869787	-38.579887,195.374283,-114.702751	1
4lac_1.pdb	3c5w_1.pdb	A,C	A,C	0.62351	0.62657	-0.200485,0.736997,0.645477,0.921306,-0.082228,0.380044,0.333168,0.670875,-0.662515	-44.859470,-27.575840,45.202671	1
5w0w_1.pdb	5w0w_3.pdb	A,B,C	G,H,I	0.96464	0.96552	0.557937,0.462980,0.688735,-0.829012,0.272928,0.488108,0.038009,-0.843303,0.536093	-66.428482,7.582550,11.231924	1
5w0w_2.pdb	5w0w_3.pdb	D,E,F	G,H,I	0.98448	0.98268	0.985971,0.078706,0.147192,0.079375,-0.996844,0.001336,0.146833,0.010367,-0.989107	-17.156597,174.906677,146.350342	1
5w0w_3.pdb	5w0w_2.pdb	G,H,I	D,E,F	0.98268	0.98448	0.985971,0.079375,0.146834,0.078705,-0.996844,0.010378,0.147194,0.001324,-0.989107	-18.456463,174.187073,147.049362	1
5w0w_4.pdb	5w0w_2.pdb	J,K,L	D,E,F	0.98551	0.98370	-0.997644,-0.026669,0.063204,-0.038455,-0.545564,-0.837186,0.056808,-0.837645,0.543253	-182.460358,187.441467,106.631516	1
5z5j_1.pdb	5z5j_1.pdb	A,C	C,A	0.99617	0.99617	-0.027896,0.798152,0.601809,0.799464,-0.343593,0.492749,0.600066,0.494871,-0.628509	-30.500454,31.677654,7.237803	1
6nts_1.pdb	3fga_1.pdb	A,B,C	A,B,C	0.98116	0.90845	0.118468,0.555704,0.822896,-0.527014,-0.667185,0.526423,0.841559,-0.496042,0.213824	225.013840,166.684814,185.357452	1
6sb0_1.pdb	6sb0_1.pdb	A,B,E,C,D,Y,T,H,I,J,N,O	B,A,H,I,J,N,O,E,C,D,Y,T	0.99920	0.99920	-0.999848,0.001314,0.017396,-0.001604,-0.999860,-0.016677,0.017371,-0.016702,0.999710	496.330048,505.832031,-0.102860	1
7cun_1.pdb	3fga_1.pdb	P,Q	A,C	0.10220	0.59965	0.788788,-0.035442,0.613642,0.606175,-0.120499,-0.786150,0.101806,0.992081,-0.073564	281.503113,181.429459,347.941437	1
7k36_1.pdb	7soy_1.pdb	A,C	A,C	0.35120	0.50143	-0.199235,0.580262,0.789684,0.500174,-0.632754,0.591141,0.842693,0.512756,-0.164165	49.886387,107.614151,-3.854263	1
7soy_1.pdb	3fga_1.pdb	A,B,C	A,B,C	0.75906	0.86871	-0.193296,-0.850683,-0.488852,0.157595,-0.518699,0.840307,-0.968401,0.085387,0.234325	75.869041,145.343689,122.094994	1
2iae_2.pdb	2nyl_1.pdb	D,E,F	A,B,C	0.97586	0.96659	0.202833,0.122095,-0.971572,-0.792139,-0.562825,-0.236102,-0.575652,0.817509,-0.017443	140.546402,215.147247,0.677002	2
2ie3_1.pdb	2ie4_1.pdb	A,C	A,C	0.99949	0.99949	0.999993,0.001648,0.003309,-0.001649,0.999999,0.000124,-0.003309,-0.000129,0.999995	0.207222,0.037012,0.107385	2
2ie4_1.pdb	2ie3_1.pdb	A,C	A,C	0.99949	0.99949	0.999993,-0.001649,-0.003309,0.001648,0.999999,-0.000129,0.003309,0.000124,0.999995	-0.206806,-0.037338,-0.108075	2
2npp_1.pdb	2nym_2.pdb	D,E,F	D,E,F	0.98507	0.99677	0.999910,-0.009177,0.009817,0.009332,0.999831,-0.015846,-0.009670,0.015936,0.999826	-1.068762,-0.131496,-0.602381	2
2npp_2.pdb	2nym_1.pdb	A,B,C	A,B,C	0.98574	0.99745	0.999193,-0.033748,-0.021790,0.033975,0.999371,0.010139,0.021435,-0.010872,0.999711	4.996731,1.033806,1.707446	2
2nyl_1.pdb	2nym_1.pdb	A,B,C	A,B,C	0.99955	0.99955	0.999913,-0.000816,-0.013178,0.000818,1.000000,0.000146,0.013178,-0.000156,0.999913	-0.797850,0.795662,0.261014	2
2nyl_2.pdb	2nym_2.pdb	D,E,F	D,E,F	0.99959	0.99959	0.999996,-0.001657,-0.002214,0.001658,0.999998,0.000806,0.002212,-0.000809,0.999997	-0.303792,0.318493,0.068076	2
2nym_1.pdb	2nyl_1.pdb	A,B,C	A,B,C	0.99955	0.99955	0.999913,0.000818,0.013178,-0.000816,1.000000,-0.000157,-0.013178,0.000146,0.999913	0.793665,-0.796303,-0.271681	2
2nym_2.pdb	2nyl_2.pdb	D,E,F	D,E,F	0.99959	0.99959	0.999996,0.001658,0.002212,-0.001657,0.999998,-0.000810,-0.002214,0.000806,0.999997	0.303112,-0.318943,-0.069012	2
3c5w_1.pdb	4lac_1.pdb	A,C	A,C	0.62779	0.62473	-0.200488,0.921309,0.333158,0.736965,-0.082238,0.670910,0.645514,0.380035,-0.662484	1.352324,0.466782,69.382996	2
3dw8_1.pdb	5w0w_2.pdb	A,C	D,F	0.64231	0.75867	-0.482439,-0.825553,0.292771,0.375237,0.107234,0.920705,-0.791486,0.554042,0.258045	77.501137,-64.537285,-110.483788	2
3dw8_2.pdb	5w0w_2.pdb	D,F	D,F	0.60503	0.71463	-0.752798,0.579467,0.312272,0.441837,0.093174,0.892244,0.487930,0.809653,-0.326171	-177.331985,-25.686504,-10.509613	2
3fga_1.pdb	2npp_1.pdb	A,B,C	D,E,F	0.92795	0.97006	-0.721885,-0.035128,-0.691121,0.300477,-0.915563,-0.267316,-0.623375,-0.400637,0.671486	-43.211006,5.257370,-2.514978	2
3k7v_1.pdb	2ie3_1.pdb	A,C	A,C	0.99953	0.99953	1.000000,-0.000883,-0.000291,0.000882,0.999999,-0.000909,0.000292,0.000909,1.000000	-0.194283,-0.015169,-0.018380	2
3k7w_1.pdb	2ie3_1.pdb	A,C	A,C	0.99917	0.99917	0.999996,-0.002350,0.001744,0.002344,0.999992,0.003373,-0.001752,-0.003369,0.999993	0.124237,-0.298735,-0.011215	2
2iae_1.pdb	2npp_1.pdb	A,B,C	D,E,F	0.97584	0.96515	0.875183,-0.483783,-0.003017,-0.122806,-0.216121,-0.968613,0.467946,0.848084,-0.248557	156.056396,210.650803,70.298355	2
4i5l_1.pdb	4i5l_2.pdb	A,B,C	D,E,F	0.98636	0.98556	0.002200,-0.999912,0.013117,-0.999972,-0.002106,0.007191,-0.007163,-0.013133,-0.999888	120.548233,123.922211,86.569450	2
4i5l_2.pdb	4i5l_1.pdb	D,E,F	A,B,C	0.98629	0.98709	0.001713,-0.999971,-0.007373,-0.999915,-0.001617,-0.012967,0.012954,0.007394,-0.999889	124.326660,121.903244,84.093208	2
4i5n_1.pdb	4i5n_2.pdb	A,B,C	D,E,F	0.98641	0.98401	0.006066,-0.999945,0.008602,-0.999931,-0.005978,0.010128,-0.010076,-0.008663,-0.999912	120.787285,124.496613,87.491753	2
4i5n_2.pdb	4i5l_1.pdb	D,E,F	A,B,C	0.98409	0.98409	-0.002653,-0.999949,-0.009717,-0.999923,0.002771,-0.012134,0.012160,0.009684,-0.999879	124.914696,121.474777,84.072235	2
4in3_1.pdb	5w0w_1.pdb	B	A	0.08490	0.10659	0.310397,-0.950489,-0.014960,-0.943010,-0.309863,0.121312,-0.119941,-0.023548,-0.992502	77.470016,1.058271,30.766970	2
4lac_1.pdb	4i5l_2.pdb	C	F	0.35319	0.23469	0.921221,-0.359507,0.148684,0.384525,0.783354,-0.488362,0.059097,0.507062,0.859881	-76.476845,-91.752686,-26.806227	2
5w0w_1.pdb	5w0w_2.pdb	A,B,C	D,E,F	0.95793	0.96056	0.690231,-0.415938,-0.592095,-0.721762,-0.337640,-0.604201,0.051395,0.844390,-0.533258	105.035507,142.464478,-57.495018	2
5w0w_2.pdb	5w0w_4.pdb	D,E,F	J,K,L	0.98370	0.98551	-0.997644,-0.038460,0.056803,-0.026661,-0.545564,-0.837645,0.063206,-0.837186,0.543253	-180.879501,186.715591,110.528000	2
5w0w_3.pdb	5w0w_4.pdb	G,H,I	J,K,L	0.97370	0.97727	-0.976534,-0.203976,0.069108,-0.051466,0.532612,0.844793,-0.209125,0.821413,-0.530611	-165.773438,-25.077475,11.400238	2
5w0w_4.pdb	5w0w_3.pdb	J,K,L	G,H,I	0.97727	0.97370	-0.976534,-0.051465,-0.209125,-0.203976,0.532612,0.821412,0.069108,0.844793,-0.530611	-160.789886,-29.821487,38.690651	2
6nts_1.pdb	2iae_1.pdb	A,B,C	A,B,C	0.97671	0.95585	0.026695,-0.078218,-0.996579,-0.332968,-0.940701,0.064913,-0.942560,0.330096,-0.051156	303.005981,430.200562,226.922623	2
7cun_1.pdb	2npp_1.pdb	P,Q	D,F	0.10136	0.62174	-0.964006,-0.238727,-0.117057,0.010996,0.404086,-0.914655,0.265653,-0.883020,-0.386916	245.585175,156.405594,348.786957	2
7k36_1.pdb	4i5n_1.pdb	A,C	A,C	0.34474	0.61185	0.914265,-0.006836,0.405059,-0.194294,-0.884761,0.423612,0.355485,-0.465994,-0.810234	104.738625,179.772736,212.495636	2
7soy_1.pdb	2iae_2.pdb	A,B,C	D,E,F	0.75073	0.91756	-0.028834,0.736983,-0.675296,-0.918429,-0.286181,-0.273108,-0.394533,0.612337,0.685119	68.408447,376.714111,21.613716	2
2npp_1.pdb	2nym_1.pdb	D,E,F	A,B,C	0.98492	0.99662	-0.761147,0.050386,-0.646620,-0.041287,-0.998720,-0.029223,-0.647264,0.004454,0.762253	-51.824165,154.227264,-16.661045	3
4i5n_1.pdb	4i5l_2.pdb	A,B,C	D,E,F	0.98639	0.98320	0.010499,-0.999900,0.009451,-0.999915,-0.010425,0.007823,-0.007724,-0.009533,-0.999925	120.597900,124.638885,87.326820	3
2iae_2.pdb	2nym_2.pdb	D,E,F	D,E,F	0.97570	0.96643	0.498521,-0.119968,-0.858536,0.725665,0.599535,0.337591,0.474223,-0.791306,0.385937	166.929489,164.689880,154.719757	3
2ie3_1.pdb	3k7w_1.pdb	A,C	A,C	0.99917	0.99917	0.999996,0.002344,-0.001752,-0.002350,0.999992,-0.003369,0.001744,0.003373,0.999993	-0.123554,0.298985,0.012004	3
2ie4_1.pdb	3k7w_1.pdb	A,C	A,C	0.99892	0.99892	0.999987,0.000496,-0.005021,-0.000513,0.999994,-0.003344,0.005019,0.003347,0.999982	-0.336826,0.254623,-0.101460	3
2iae_1.pdb	2iae_2.pdb	A,B,C	D,E,F	0.97574	0.98588	0.482072,0.342321,0.806488,0.799104,-0.549210,-0.244541,0.359220,0.762355,-0.538309	-106.471924,206.355240,-32.495346	3
2npp_2.pdb	2nym_2.pdb	A,B,C	D,E,F	0.98566	0.99736	-0.741720,-0.010544,-0.670626,0.008628,-0.999944,0.006179,-0.670654,-0.001203,0.741770	-42.566681,156.110870,-16.975178	3
2nyl_1.pdb	2nym_2.pdb	A,B,C	D,E,F	0.99941	0.99941	-0.746580,-0.043478,-0.663873,0.040114,-0.998989,0.020315,-0.664085,-0.011464,0.747569	-43.369579,157.544220,-16.394039	3
2nyl_2.pdb	2nym_1.pdb	D,E,F	A,B,C	0.99950	0.99950	-0.753709,0.042432,-0.655836,-0.046199,-0.998866,-0.011533,-0.655582,0.021607,0.754815	-49.648575,154.768921,-19.158051	3
2nym_1.pdb	2nyl_2.pdb	A,B,C	D,E,F	0.99950	0.99950	-0.753709,-0.046198,-0.655582,0.042431,-0.998866,0.021606,-0.655837,-0.011532,0.754815	-42.830170,157.113983,-16.315697	3
2nym_2.pdb	2nyl_1.pdb	D,E,F	A,B,C	0.99941	0.99941	-0.746580,0.040114,-0.664085,-0.043479,-0.998989,-0.011464,-0.663873,0.020315,0.747569	-49.585640,155.311295,-19.736666	3
3c5w_1.pdb	2npp_2.pdb	C	C	0.35254	0.22509	-0.056802,0.166626,-0.984383,0.010941,-0.985811,-0.167499,-0.998326,-0.020285,0.054173	-56.958317,93.498550,29.688316	3
3dw8_1.pdb	5w0w_3.pdb	A,C	G,I	0.63594	0.74977	-0.499999,0.786169,-0.363235,0.521386,-0.061633,-0.851092,-0.691489,-0.614931,-0.379081	-15.737846,82.169586,38.955292	3
3dw8_2.pdb	5w0w_3.pdb	D,F	G,I	0.60415	0.71229	-0.638971,-0.635044,-0.434091,0.588182,-0.039670,-0.807755,0.495740,-0.771456,0.398870	-15.465982,112.944725,74.631592	3
3fga_1.pdb	2iae_1.pdb	A,B,C	A,B,C	0.92283	0.97540	-0.613192,0.764992,-0.196935,0.706287,0.419297,-0.570394,-0.353772,-0.488853,-0.797413	-94.767647,-153.156647,211.707626	3
3k7v_1.pdb	3k7w_1.pdb	A,C	A,C	0.99932	0.99932	0.999997,0.001288,-0.001996,-0.001296,0.999991,-0.004127,0.001991,0.004130,0.999990	-0.323109,0.277729,-0.010332	3
3k7w_1.pdb	2ie4_1.pdb	A,C	A,C	0.99892	0.99892	0.999987,-0.000513,0.005019,0.000496,0.999994,0.003347,-0.005021,-0.003344,0.999982	0.337467,-0.254118,0.100617	3
4i5l_1.pdb	4i5n_2.pdb	A,B,C	D,E,F	0.98409	0.98409	-0.002653,-0.999923,0.012161,-0.999949,0.002771,0.009685,-0.009718,-0.012135,-0.999879	120.774437,123.757637,86.749947	3
4i5l_2.pdb	4i5n_1.pdb	D,E,F	A,B,C	0.98395	0.98715	0.010358,-0.999916,-0.007804,-0.999902,-0.010284,-0.009507,0.009426,0.007902,-0.999924	124.049889,122.706589,85.203918	3
4i5n_2.pdb	4i5n_1.pdb	D,E,F	A,B,C	0.98401	0.98641	0.006066,-0.999931,-0.010077,-0.999945,-0.005979,-0.008664,0.008603,0.010129,-0.999912	124.637032,122.282936,85.183998	3
4in3_1.pdb	7k36_1.pdb	B	A	0.08336	0.05254	0.977788,-0.096101,0.186266,0.179995,-0.070324,-0.981150,0.107388,0.992884,-0.051464	-254.086075,141.182709,-164.135345	3
4lac_1.pdb	4i5l_1.pdb	C	C	0.35316	0.23487	0.427949,-0.894496,-0.129368,-0.769296,-0.435640,0.467335,-0.474387,-0.100473,-0.874564	-0.090317,12.276569,116.202652	3
5w0w_1.pdb	5w0w_4.pdb	A,B,C	J,K,L	0.95712	0.96151	-0.713825,0.697530,0.062500,0.692378,0.716315,-0.086628,-0.105195,-0.018563,-0.994278	-162.744583,143.520203,32.411980	3
5w0w_2.pdb	5w0w_1.pdb	D,E,F	A,B,C	0.96056	0.95793	0.690231,-0.721761,0.051394,-0.415937,-0.337642,0.844390,-0.592095,-0.604201,-0.533258	33.281570,140.338394,117.608559	3
5w0w_3.pdb	5w0w_1.pdb	G,H,I	A,B,C	0.96552	0.96464	0.557937,-0.829012,0.038009,0.462980,0.272928,-0.843303,0.688735,0.488108,0.536093	42.922024,38.157490,36.029160	3
5w0w_4.pdb	5w0w_1.pdb	J,K,L	A,B,C	0.96151	0.95712	-0.713826,0.692378,-0.105196,0.697529,0.716316,-0.018564,0.062500,-0.086628,-0.994278	-212.131775,11.315048,54.830982	3
6nts_1.pdb	2npp_2.pdb	A,B,C	A,B,C	0.97635	0.94503	0.115356,0.829286,0.546789,-0.489186,-0.431655,0.757872,0.864517,-0.354906,0.355881	105.739731,243.570236,245.048279	3
7cun_1.pdb	2npp_2.pdb	P,Q	A,C	0.10121	0.62080	0.801247,0.221552,0.555804,0.594779,-0.396040,-0.699564,0.065131,0.891104,-0.449100	255.658463,232.150787,204.842560	3
7k36_1.pdb	5w0w_4.pdb	A,C	J,L	0.34395	0.68822	-0.282619,-0.753989,-0.592982,-0.515968,-0.401644,0.756611,-0.808643,0.519792,-0.275522	240.736938,100.386971,21.467651	3
7soy_1.pdb	6nts_1.pdb	A,B,C	A,B,C	0.74984	0.92684	-0.898077,0.412097,0.153734,0.421295,0.705540,0.569845,0.126366,0.576532,-0.807244	180.781433,-172.623825,147.104904	3
2ie3_1.pdb	7k36_1.pdb	A,C	A,C	0.66826	0.26602	0.596859,-0.743432,0.301775,0.085883,-0.314758,-0.945279,0.797737,0.590115,-0.124018	6.730721,145.489655,-251.480011	4
2iae_2.pdb	2nym_1.pdb	D,E,F	A,B,C	0.97554	0.96627	0.190129,0.122120,-0.974134,-0.795649,-0.562117,-0.225761,-0.575147,0.817992,-0.009710	140.224762,215.266266,1.783104	4
2ie4_1.pdb	7k36_1.pdb	A,C	A,C	0.66736	0.26566	0.593227,-0.746434,0.301526,0.085208,-0.314227,-0.945516,0.800513,0.586598,-0.122806	7.828541,145.679260,-251.608429	4
2npp_1.pdb	2nyl_1.pdb	D,E,F	A,B,C	0.98479	0.99648	-0.752561,0.049477,-0.656661,-0.039884,-0.998767,-0.029544,-0.657314,0.003956,0.753607	-52.274796,155.002563,-17.375158	4
2npp_2.pdb	2nyl_1.pdb	A,B,C	A,B,C	0.98562	0.99732	0.999423,-0.032853,-0.008670,0.032943,0.999403,0.010399,0.008324,-0.010679,0.999908	5.810831,0.260376,1.458266	4
2nyl_1.pdb	2npp_2.pdb	A,B,C	A,B,C	0.99732	0.98562	0.999423,0.032943,0.008324,-0.032853,0.999403,-0.010678,-0.008671,0.010398,0.999908	-5.828218,-0.053726,-1.410398	4
2nyl_2.pdb	2npp_2.pdb	D,E,F	A,B,C	0.99707	0.98537	-0.740164,0.010306,-0.672348,-0.012297,-0.999923,-0.001790,-0.672314,0.006943,0.740233	-44.834015,155.861755,-17.069658	4
2nym_1.pdb	2npp_2.pdb	A,B,C	A,B,C	0.99745	0.98574	0.999193,0.033975,0.021435,-0.033747,0.999371,-0.010872,-0.021790,0.010140,0.999711	-5.064395,-0.845970,-1.608614	4
2nym_2.pdb	2npp_2.pdb	D,E,F	A,B,C	0.99736	0.98566	-0.741720,0.008631,-0.670654,-0.010547,-0.999944,-0.001204,-0.670626,0.006180,0.741770	-44.304306,155.632751,-16.919384	4
3c5w_1.pdb	2npp_1.pdb	C	F	0.35247	0.22505	0.692499,-0.153400,-0.704921,0.079311,0.987397,-0.136957,0.717046,0.038935,0.695938	-11.490385,-58.615124,68.426849	4
3dw8_1.pdb	5w0w_4.pdb	A,C	J,L	0.62691	0.74183	0.510842,0.224247,0.829912,-0.334239,-0.837618,0.432065,0.792039,-0.498106,-0.352938	41.446373,-13.126762,165.197571	4
3dw8_2.pdb	5w0w_4.pdb	D,F	J,L	0.58786	0.69563	0.756606,-0.551526,-0.351236,-0.393515,-0.813067,0.429031,-0.522200,-0.186391,-0.832205	102.010391,9.497141,17.185688	4
3fga_1.pdb	2nyl_1.pdb	A,B,C	A,B,C	0.91663	0.96961	0.998969,-0.003755,-0.045237,-0.013301,0.928618,-0.370799,0.043400,0.371018,0.927611	1.140530,-147.728516,-43.605858	4
3k7v_1.pdb	7k36_1.pdb	A,C	A,C	0.66764	0.26577	0.596711,-0.743609,0.301632,0.084970,-0.315222,-0.945207,0.797945,0.589644,-0.124912	6.623524,145.835571,-251.287369	4
3k7w_1.pdb	7k36_1.pdb	A,C	A,C	0.66337	0.26407	0.589947,-0.733178,0.338249,0.111872,-0.340654,-0.933509,0.799655,0.588561,-0.118946	2.015415,140.961090,-253.101303	4
4i5l_1.pdb	5w0w_1.pdb	A,C	A,C	0.67728	0.76194	-0.032961,-0.542711,0.839273,-0.551127,0.710391,0.437725,-0.833770,-0.448118,-0.322518	117.392822,-47.461533,113.488770	4
4i5l_2.pdb	5w0w_1.pdb	D,F	A,C	0.68813	0.77478	0.567729,-0.710936,-0.415035,0.050299,0.533178,-0.844507,0.821678,0.458575,0.338459	171.139069,5.061661,-29.775951	4
4i5n_1.pdb	5w0w_1.pdb	A,C	A,C	0.68091	0.76416	-0.022622,-0.551099,0.834133,-0.549943,0.703631,0.449963,-0.834896,-0.448546,-0.318991	119.239868,-46.601322,114.207741	4
4i5n_2.pdb	5w0w_1.pdb	D,F	A,C	0.68994	0.77618	0.569859,-0.706329,-0.419952,0.042362,0.535622,-0.843395,0.820650,0.462826,0.335150	170.865967,4.442856,-30.060524	4
4lac_1.pdb	4i5n_1.pdb	C	C	0.35314	0.23542	0.433175,-0.892578,-0.125155,-0.762976,-0.437061,0.476283,-0.479820,-0.110824,-0.870339	-0.710234,11.686081,117.664490	4
5w0w_1.pdb	4i5n_2.pdb	A,C	D,F	0.77695	0.69062	0.569945,0.042455,0.820585,-0.706380,0.535475,0.462919,-0.419750,-0.843483,0.335181	-72.893829,132.230499,85.563545	4
5w0w_2.pdb	7soy_1.pdb	D,F	A,C	0.77594	0.55467	0.878506,0.199974,0.433864,-0.416382,0.765744,0.490165,-0.234208,-0.611266,0.755976	-250.073059,11.425644,76.437447	4
5w0w_3.pdb	7soy_1.pdb	G,I	A,C	0.76855	0.55040	0.796019,0.171728,0.580399,0.484890,-0.754851,-0.441682,0.362266,0.633017,-0.684145	-253.320770,143.143723,34.868866	4
5w0w_4.pdb	7soy_1.pdb	J,L	A,C	0.77435	0.55253	-0.880195,-0.252383,-0.401946,0.393684,0.084768,-0.915329,0.265085,-0.963907,0.024746	71.092926,126.340050,125.411484	4
6nts_1.pdb	2nyl_1.pdb	A,B,C	A,B,C	0.97628	0.95618	0.147388,0.818488,0.555297,-0.497385,-0.423940,0.756890,0.854918,-0.387753,0.344620	107.511635,241.750946,250.580841	4
7cun_1.pdb	2iae_1.pdb	P,Q	A,C	0.10026	0.62181	-0.713617,0.296652,-0.634624,-0.186337,0.792896,0.580167,0.675299,0.532271,-0.510547	339.928314,-22.643524,167.173859	4
7k36_1.pdb	5w0w_2.pdb	A,C	D,F	0.34392	0.68689	0.283255,0.914055,0.290292,0.559220,-0.403323,0.724295,0.779127,-0.042823,-0.625401	88.319435,198.961761,238.541473	4
7soy_1.pdb	2nyl_1.pdb	A,B,C	A,B,C	0.74931	0.90713	-0.203349,-0.970062,-0.132778,0.199375,-0.173795,0.964388,-0.958592,0.169635,0.228747	222.428802,185.804565,98.112190	4
2iae_1.pdb	3fga_1.pdb	A,B,C	A,B,C	0.97540	0.92283	-0.613192,0.706287,-0.353772,0.764992,0.419297,-0.488853,-0.196935,-0.570394,-0.797413	124.958031,240.208603,62.795815	4
2iae_2.pdb	2nyl_2.pdb	D,E,F	D,E,F	0.97498	0.96572	0.500504,-0.119894,-0.857392,0.724177,0.600683,0.338743,0.474408,-0.790446,0.387469	167.175079,164.712906,155.087479	5
2ie3_1.pdb	4i5l_2.pdb	A,C	D,F	0.65814	0.46347	-0.336439,-0.701656,0.628082,-0.832619,-0.089954,-0.546493,0.439949,-0.706815,-0.553948	108.043152,38.088535,-16.175137	5
2ie4_1.pdb	4i5l_2.pdb	A,C	D,F	0.65719	0.46280	-0.333319,-0.698639,0.633089,-0.835356,-0.092487,-0.541874,0.437126,-0.709472,-0.552784	107.523621,38.425564,-15.702394	5
2iae_1.pdb	2nyl_1.pdb	A,B,C	A,B,C	0.96567	0.96643	-0.636743,0.527487,-0.562420,0.738316,0.206734,-0.641990,-0.222370,-0.824026,-0.521089	35.279907,200.387207,181.476700	5
2npp_1.pdb	2nyl_2.pdb	D,E,F	D,E,F	0.98475	0.99644	0.999901,-0.007632,0.011847,0.007830,0.999829,-0.016745,-0.011717,0.016837,0.999790	-0.765715,-0.448021,-0.679155	5
2npp_2.pdb	2nyl_2.pdb	A,B,C	D,E,F	0.98537	0.99707	-0.740164,-0.012298,-0.672314,0.010307,-0.999923,0.006943,-0.672348,-0.001791,0.740233	-42.744076,156.430283,-17.229465	5
2nyl_1.pdb	2npp_1.pdb	A,B,C	D,E,F	0.99648	0.98479	-0.752561,-0.039884,-0.657314,0.049477,-0.998767,0.003956,-0.656661,-0.029544,0.753607	-44.578735,157.466644,-16.653318	5
2nyl_2.pdb	2npp_1.pdb	D,E,F	D,E,F	0.99644	0.98475	0.999901,0.007830,-0.011717,-0.007632,0.999829,0.016837,0.011847,-0.016745,0.999790	0.761190,0.453537,0.680582	5
2nym_1.pdb	2npp_1.pdb	A,B,C	D,E,F	0.99662	0.98492	-0.761147,-0.041288,-0.647264,0.050387,-0.998720,0.004454,-0.646620,-0.029223,0.762253	-43.862297,156.715286,-16.303570	5
2nym_2.pdb	2npp_1.pdb	D,E,F	D,E,F	0.99677	0.98507	0.999910,0.009332,-0.009670,-0.009177,0.999831,0.015936,0.009817,-0.015846,0.999826	1.064069,0.131260,0.610684	5
3c5w_1.pdb	3fga_1.pdb	C	C	0.35240	0.21524	-0.022123,0.510240,-0.859747,-0.020739,-0.860007,-0.509860,-0.999540,0.006550,0.029608	-18.432766,-54.903873,26.715637	5
3dw8_1.pdb	7soy_1.pdb	A,C	A,C	0.62010	0.52358	-0.143849,-0.908304,-0.392799,0.075739,-0.405868,0.910788,-0.986697,0.101265,0.127177	210.598572,-87.537910,114.017128	5
3dw8_2.pdb	7soy_1.pdb	D,F	A,C	0.58238	0.49173	-0.974541,0.100742,0.200302,0.145929,-0.393249,0.907777,0.170220,0.913896,0.368537	40.898506,-65.992538,-148.841370	5
3fga_1.pdb	2nym_1.pdb	A,B,C	A,B,C	0.91625	0.96921	0.998286,-0.004556,-0.058347,-0.017416,0.928672,-0.370493,0.055874,0.370874,0.927001	0.332388,-147.076981,-43.108543	5
3k7v_1.pdb	4i5l_2.pdb	A,C	D,F	0.65655	0.46235	-0.333075,-0.704300,0.626915,-0.835974,-0.086956,-0.541835,0.436129,-0.704557,-0.559814	107.919968,38.096672,-15.929083	5
3k7w_1.pdb	4i5l_2.pdb	A,C	D,F	0.65603	0.46198	-0.331921,-0.707398,0.624032,-0.831714,-0.092655,-0.547418,0.445062,-0.700716,-0.557599	108.384964,37.835995,-16.854254	5
4i5l_1.pdb	7soy_1.pdb	A,C	A,C	0.66071	0.53281	0.005611,0.842344,0.538912,-0.840268,0.296148,-0.454144,-0.542143,-0.450282,0.709456	-111.645348,168.698563,119.619247	5
4i5l_2.pdb	7soy_1.pdb	D,F	A,C	0.66692	0.53824	0.851981,-0.266800,0.450495,0.019602,-0.843568,-0.536664,0.523206,0.466058,-0.713474	-50.196941,229.293671,-33.649384	5
4i5n_1.pdb	7soy_1.pdb	A,C	A,C	0.66633	0.53603	0.011810,0.840235,0.542093,-0.842610,0.300264,-0.447046,-0.538395,-0.451493,0.711537	-111.841057,167.929031,119.810410	5
4i5n_2.pdb	7soy_1.pdb	D,E,F	A,B,C	0.68806	0.55486	0.857419,-0.262829,0.442441,0.015803,-0.845891,-0.533122,0.514377,0.464101,-0.721129	-50.407463,229.500000,-31.060860	5
4lac_1.pdb	4i5n_2.pdb	C	F	0.35313	0.23485	0.919022,-0.368036,0.141239,0.387759,0.779431,-0.492067,0.071012,0.506987,0.859023	-75.975189,-91.408806,-27.789984	5
5w0w_1.pdb	4i5l_2.pdb	A,C	D,F	0.77553	0.68880	0.567754,0.050356,0.821657,-0.710989,0.533074,0.458614,-0.414910,-0.844568,0.338458	-72.954376,132.638702,85.372910	5
5w0w_2.pdb	3dw8_1.pdb	D,F	A,C	0.75867	0.64231	-0.482438,0.375237,-0.791486,-0.825553,0.107234,0.554042,0.292771,0.920705,0.258045	-25.840006,132.114594,65.239464	5
5w0w_3.pdb	3dw8_1.pdb	G,I	A,C	0.74977	0.63594	-0.499999,0.521387,-0.691489,0.786168,-0.061633,-0.614931,-0.363236,-0.851092,-0.379081	-23.773830,41.391800,78.984573	5
5w0w_4.pdb	4i5n_1.pdb	J,L	A,C	0.74581	0.66153	-0.444146,0.841830,0.306687,-0.419186,0.107279,-0.901540,-0.791844,-0.528974,0.305236	-156.247437,169.817596,87.964363	5
6nts_1.pdb	2npp_1.pdb	A,B,C	D,E,F	0.97627	0.94495	-0.433881,-0.840555,0.324368,-0.144780,0.420388,0.895719,-0.889261,0.341673,-0.304094	220.635910,184.572327,145.731400	5
7cun_1.pdb	6nts_1.pdb	P,Q	A,C	0.10020	0.63499	0.583480,-0.078620,0.808313,-0.646029,-0.648071,0.403301,0.492137,-0.757511,-0.428926	13.691200,359.761475,442.652649	5
7k36_1.pdb	4i5l_1.pdb	A,C	A,C	0.34263	0.60661	0.914942,-0.016337,0.403254,-0.200641,-0.885368,0.419365,0.350176,-0.464604,-0.813338	106.136955,180.406128,212.534134	5
7soy_1.pdb	2nym_2.pdb	A,B,C	D,E,F	0.74854	0.90619	0.200819,0.979495,0.016151,-0.796386,0.153632,0.584951,0.570475,-0.130331,0.810908	80.597916,133.963287,162.655914	5
2nyl_2.pdb	3fga_1.pdb	D,E,F	A,B,C	0.96989	0.91690	-0.714440,0.295575,-0.634201,-0.041139,-0.922571,-0.383628,-0.698486,-0.247989,0.671281	-33.290382,2.558941,-26.481142	6
2iae_2.pdb	2npp_2.pdb	D,E,F	A,B,C	0.97273	0.95218	0.206399,0.117761,-0.971356,-0.771003,-0.591665,-0.235557,-0.602457,0.797537,-0.031325	140.798523,220.212753,4.030319	6
2ie3_1.pdb	3dw8_1.pdb	A,C	A,C	0.65577	0.44141	-0.832302,-0.548574,-0.079617,0.038802,-0.200934,0.978836,-0.552962,0.811598,0.188523	58.108093,-60.305710,4.287064	6
2ie4_1.pdb	3dw8_1.pdb	A,C	A,C	0.65539	0.44116	-0.823397,-0.559955,-0.092026,0.031209,-0.206609,0.977926,-0.566607,0.802349,0.187597	57.503609,-60.235035,4.310822	6
2npp_1.pdb	3fga_1.pdb	D,E,F	A,B,C	0.97070	0.92856	-0.721926,0.300494,-0.623319,-0.035210,-0.915574,-0.400606,-0.691074,-0.267261,0.671557	-34.335873,2.290277,-26.764359	6
2iae_1.pdb	2nym_2.pdb	A,B,C	D,E,F	0.96558	0.96635	0.870250,-0.492434,0.013191,-0.116179,-0.231192,-0.965946,0.478714,0.839082,-0.258406	155.217590,211.460541,69.842834	6
2npp_2.pdb	3fga_1.pdb	A,B,C	A,B,C	0.97112	0.92896	0.998886,-0.040997,0.023378,0.028946,0.923452,0.382622,-0.037275,-0.381519,0.923609	-0.331192,153.346970,-14.520691	6
2nyl_1.pdb	3fga_1.pdb	A,B,C	A,B,C	0.97081	0.91777	0.998972,-0.013448,0.043296,-0.003580,0.928611,0.371037,-0.045194,-0.370811,0.927608	-1.221535,153.365631,-14.277397	6
2nym_1.pdb	3fga_1.pdb	A,B,C	A,B,C	0.97041	0.91739	0.998272,-0.017746,0.056020,-0.004334,0.928480,0.371356,-0.058603,-0.370957,0.926799	-0.496162,152.582840,-14.543004	6
2nym_2.pdb	3fga_1.pdb	D,E,F	A,B,C	0.97034	0.91732	-0.715737,0.294065,-0.633440,-0.039462,-0.922607,-0.383718,-0.697254,-0.249644,0.671948	-33.010307,2.305944,-26.503456	6
3c5w_1.pdb	4i5n_1.pdb	C	C	0.35220	0.23366	-0.955817,-0.245002,0.162442,0.054012,-0.689559,-0.722213,0.288957,-0.681530,0.672325	51.570316,78.419144,-2.686663	6
3dw8_1.pdb	5w0w_1.pdb	A,C	A,C	0.59165	0.69692	-0.165404,0.453489,-0.875779,-0.316126,-0.865534,-0.388479,-0.934187,0.212601,0.286523	-20.599998,71.617188,-27.306311	6
3dw8_2.pdb	6nts_1.pdb	D,F	A,C	0.55894	0.58334	0.943517,-0.210197,-0.256110,-0.181798,0.317789,-0.930569,0.276992,0.924569,0.261626	-124.346771,159.357315,-223.440796	6
3fga_1.pdb	2nym_2.pdb	A,B,C	D,E,F	0.91618	0.96914	-0.715918,-0.039248,-0.697080,0.293530,-0.922815,-0.249505,-0.633484,-0.383240,0.672180	-42.026733,5.223625,-2.240968	6
3k7v_1.pdb	3dw8_1.pdb	A,C	A,C	0.65463	0.44065	-0.830681,-0.550429,-0.083649,0.037695,-0.205504,0.977930,-0.555471,0.809195,0.191456	57.887627,-60.375244,4.163242	6
3k7w_1.pdb	3dw8_1.pdb	A,C	A,C	0.65548	0.44122	-0.831435,-0.549312,-0.083501,0.031881,-0.197201,0.979845,-0.554706,0.812015,0.181472	58.222336,-60.343712,4.349133	6
4i5l_1.pdb	5w0w_4.pdb	A,C	J,L	0.65515	0.74042	-0.431833,-0.420036,-0.798179,0.849044,0.109330,-0.516886,0.304376,-0.900898,0.309417	72.569824,159.935822,172.879700	6
4i5l_2.pdb	5w0w_4.pdb	D,F	J,L	0.65381	0.73951	-0.863351,-0.100999,0.494392,0.411276,0.426825,0.805402,-0.292363,0.898677,-0.326962	-38.088482,45.102722,-85.455841	6
4i5n_1.pdb	2iae_2.pdb	A,B,C	D,E,F	0.66222	0.65111	-0.990599,0.063852,0.120983,-0.041218,-0.982599,0.181109,0.130442,0.174420,0.975993	224.969025,208.068268,-70.042908	6
4i5n_2.pdb	5w0w_4.pdb	D,F	J,L	0.65697	0.74247	-0.860542,-0.097204,0.500020,0.419083,0.422882,0.803456,-0.289548,0.900957,-0.323171	-38.066174,46.249634,-85.261810	6
4lac_1.pdb	6nts_1.pdb	C	C	0.35289	0.23393	-0.643674,0.740705,-0.192455,-0.356598,-0.512795,-0.780947,-0.677142,-0.434047,0.594207	-8.520702,280.989624,98.952370	6
5w0w_1.pdb	7soy_1.pdb	A,C	A,C	0.76666	0.54955	0.912006,0.193165,-0.361845,-0.358880,-0.051391,-0.931968,-0.198619,0.979820,0.022454	-117.198601,276.180237,-97.604477	6
5w0w_2.pdb	6nts_1.pdb	D,F	A,C	0.73987	0.65374	-0.647411,0.756499,-0.092567,0.760241,0.649587,-0.008390,0.053784,-0.075805,-0.995671	-64.541344,-127.246613,247.426514	6
5w0w_3.pdb	4i5n_2.pdb	G,I	D,F	0.73626	0.65385	0.891107,-0.447230,0.076906,0.421970,0.878976,0.222133,-0.166943,-0.165492,0.971979	-104.253136,-31.491814,95.612732	6
5w0w_4.pdb	4i5n_2.pdb	J,L	D,F	0.74314	0.65756	-0.860641,0.418980,-0.289400,-0.097089,0.422886,0.900967,0.499870,0.803507,-0.323275	-76.816040,53.549339,-45.668423	6
6nts_1.pdb	2nyl_2.pdb	A,B,C	D,E,F	0.97505	0.95498	-0.445412,-0.830787,0.333768,-0.150708,0.437041,0.886725,-0.882550,0.344657,-0.319870	221.066711,183.874100,146.404465	6
7cun_1.pdb	2nym_1.pdb	P,Q	A,C	0.10001	0.62071	0.821339,0.183761,0.540032,0.563830,-0.405217,-0.719649,0.086587,0.895562,-0.436430	261.298401,233.223953,205.138000	6
7k36_1.pdb	3dw8_1.pdb	A,C	A,C	0.34194	0.57820	-0.802942,0.474949,0.360151,0.278471,0.833132,-0.477854,-0.527009,-0.283398,-0.801216	220.831009,178.461182,171.952271	6
7soy_1.pdb	2nym_1.pdb	A,B,C	A,B,C	0.74827	0.90586	-0.205829,-0.969949,-0.129745,0.211717,-0.173581,0.961793,-0.955411,0.170496,0.241083	221.799500,185.690826,99.066368	6
7soy_1.pdb	2nyl_2.pdb	A,B,C	D,E,F	0.74783	0.90533	0.199573,0.979759,0.015568,-0.797970,0.153281,0.582880,0.568695,-0.128750,0.812409	80.351898,133.614716,162.800659	7
4i5n_2.pdb	5w0w_3.pdb	D,F	G,I	0.65385	0.73626	0.891106,0.421971,-0.166943,-0.447230,0.878975,-0.165492,0.076906,0.222133,0.971979	122.151138,-3.121426,-77.920456	7
2iae_2.pdb	3fga_1.pdb	D,E,F	A,B,C	0.97246	0.91059	0.245749,0.470868,-0.847284,-0.778311,-0.425165,-0.462024,-0.577788,0.772993,0.261998	172.877960,133.158478,126.991058	7
2ie3_1.pdb	4i5n_2.pdb	A,C	D,F	0.65534	0.46188	-0.336068,-0.714745,0.613350,-0.834641,-0.075727,-0.545564,0.436386,-0.695274,-0.571106	109.048843,37.726173,-16.067583	7
2ie4_1.pdb	4i5n_2.pdb	A,C	D,F	0.65515	0.46174	-0.332866,-0.710245,0.620284,-0.838492,-0.078021,-0.539300,0.431431,-0.699618,-0.569564	108.378372,38.049606,-15.424847	7
2iae_1.pdb	2nym_1.pdb	A,B,C	A,B,C	0.96550	0.96626	-0.643598,0.528130,-0.553950,0.730108,0.206514,-0.651378,-0.229614,-0.823669,-0.518504	36.063301,199.773026,180.851318	7
2npp_1.pdb	2iae_1.pdb	D,E,F	A,B,C	0.96515	0.97584	0.875183,-0.122806,0.467946,-0.483783,-0.216121,0.848084,-0.003017,-0.968613,-0.248557	-143.604492,61.404499,221.983002	7
2npp_2.pdb	2iae_1.pdb	A,B,C	A,B,C	0.96519	0.97588	-0.649026,0.736405,-0.190979,0.499843,0.223524,-0.836776,-0.573518,-0.638549,-0.513160	-84.176422,89.730354,242.861572	7
2nyl_1.pdb	2iae_1.pdb	A,B,C	A,B,C	0.96643	0.96567	-0.636742,0.738316,-0.222371,0.527487,0.206732,-0.824026,-0.562421,-0.641990,-0.521087	-85.129936,89.505341,243.054108	7
2nyl_2.pdb	2iae_1.pdb	D,E,F	A,B,C	0.96596	0.96519	0.870820,-0.114442,0.478095,-0.491366,-0.232699,0.839292,0.015202,-0.965792,-0.258872	-144.666718,67.189621,220.031754	7
2nym_1.pdb	2iae_1.pdb	A,B,C	A,B,C	0.96554	0.96478	-0.643759,0.729991,-0.229540,0.527977,0.206587,-0.823748,-0.553909,-0.651487,-0.518411	-81.074692,88.670525,243.883987	7
2nym_2.pdb	2iae_1.pdb	D,E,F	A,B,C	0.96635	0.96558	0.870250,-0.116179,0.478714,-0.492433,-0.231192,0.839082,0.013191,-0.965946,-0.258406	-143.945557,66.718460,220.259857	7
3c5w_1.pdb	4i5l_1.pdb	C	C	0.35219	0.23308	-0.958615,-0.239657,0.153695,0.054364,-0.683988,-0.727465,0.279467,-0.689003,0.668710	51.471699,77.831299,-1.092196	7
3dw8_1.pdb	6nts_1.pdb	A,C	A,C	0.58934	0.61507	-0.298506,-0.924926,-0.235385,-0.116416,0.280074,-0.952893,0.947281,-0.257042,-0.191280	285.246063,127.098526,-65.727554	7
3dw8_2.pdb	7k36_1.pdb	D,F	A,C	0.55731	0.32959	0.420807,-0.436684,-0.795128,0.471389,0.854142,-0.219621,0.775057,-0.282396,0.565277	60.747856,-185.523682,-155.112061	7
3fga_1.pdb	2nyl_2.pdb	A,B,C	D,E,F	0.91575	0.96868	-0.714638,-0.041000,-0.698292,0.295000,-0.922826,-0.247723,-0.634245,-0.383029,0.671582	-42.175076,5.645702,-2.378969	7
3k7v_1.pdb	4i5n_2.pdb	A,C	D,F	0.65440	0.46121	-0.334628,-0.709494,0.620196,-0.838146,-0.076746,-0.540020,0.430739,-0.700520,-0.568978	108.296173,37.943581,-15.536909	7
3k7w_1.pdb	4i5n_2.pdb	A,C	D,F	0.65396	0.46090	-0.333179,-0.706443,0.624444,-0.835818,-0.085205,-0.542354,0.436348,-0.702623,-0.562069	108.145897,37.872082,-16.116989	7
4i5l_1.pdb	5w0w_3.pdb	A,C	G,I	0.64665	0.72815	0.470365,-0.865946,0.169983,-0.876201,-0.435354,0.206734,-0.105018,-0.246180,-0.963518	124.217072,-0.435333,162.176376	7
4i5l_2.pdb	5w0w_3.pdb	D,F	G,I	0.65046	0.73303	0.892784,0.416586,-0.171442,-0.442665,0.881875,-0.162308,0.083575,0.220798,0.971732	122.782349,-3.073013,-77.621895	7
4i5n_1.pdb	5w0w_4.pdb	A,C	J,L	0.66087	0.74507	-0.444145,-0.419107,-0.791887,0.841910,0.107098,-0.528884,0.306468,-0.901598,0.305283	71.435684,159.869873,174.136963	7
4lac_1.pdb	3fga_1.pdb	C	C	0.35287	0.21658	-0.645113,-0.742830,-0.178977,-0.416471,0.538224,-0.732712,0.640610,-0.398144,-0.656582	-64.899765,-29.619604,-15.357620	7
5w0w_1.pdb	4i5n_1.pdb	A,C	A,C	0.76495	0.68161	-0.022100,-0.549700,-0.835070,-0.551191,0.703560,-0.448544,0.834086,0.450370,-0.318539	72.379425,149.744720,-42.110229	7
5w0w_2.pdb	3fga_1.pdb	D,F	A,C	0.73967	0.60514	-0.554410,-0.816650,-0.160350,-0.260126,-0.012979,0.965487,-0.790546,0.576988,-0.205236	-101.443069,150.381180,62.262390	7
